                        BO21_tempmean_ss BO21_salinitymean_ss BO21_salinitymin_ss BO21_lightbotmax_bdmean
BO21_tempmean_ss              1.00000000           0.17423548          0.01940031            0.0828741356
BO21_salinitymean_ss          0.17423548           1.00000000          0.88827974           -0.0860563237
BO21_salinitymin_ss           0.01940031           0.88827974          1.00000000           -0.0437610828
BO21_lightbotmax_bdmean       0.08287414          -0.08605632         -0.04376108            1.0000000000
BO_ph                        -0.16645044           0.46469606          0.68935258           -0.0124111506
BO21_chlomean_ss             -0.50564179          -0.55724424         -0.53175660            0.0006067251
BO21_silicatemean_ss          0.11917353          -0.83312320         -0.79011151            0.1397971093
BO21_dissoxmin_ss            -0.87042418          -0.38152687         -0.24601873           -0.0913697917
                              BO_ph BO21_chlomean_ss BO21_silicatemean_ss BO21_dissoxmin_ss
BO21_tempmean_ss        -0.16645044    -0.5056417937           0.11917353       -0.87042418
BO21_salinitymean_ss     0.46469606    -0.5572442358          -0.83312320       -0.38152687
BO21_salinitymin_ss      0.68935258    -0.5317566037          -0.79011151       -0.24601873
BO21_lightbotmax_bdmean -0.01241115     0.0006067251           0.13979711       -0.09136979
BO_ph                    1.00000000    -0.3435680230          -0.43583303       -0.03387324
BO21_chlomean_ss        -0.34356802     1.0000000000           0.28009274        0.59330406
BO21_silicatemean_ss    -0.43583303     0.2800927360           1.00000000        0.05607951
BO21_dissoxmin_ss       -0.03387324     0.5933040618           0.05607951        1.00000000
